31 0 13 11 27 0 
0 0 35 21 0 0 
15 0 23 29 0 22 
0 0 4 14 26 36 
33 32 8 2 0 0 
0 0 28 34 0 12

31 19 13 11 27 0
9  1  0  21 20 0 
15 0  23 29 0  22 
0  24 0  14 0  36 
0  0  0  0  0  0 
16 18 28 34 3  0

35 6 0 0 24 5 
7 1 0 0 0 29 
27 0 12 14 3 19 
9 0 0 8 0 33 
0 0 0 0 34 4 
23 22 0 0 2 21

0  0  0  0  35 0 
0  20 33 0  7  0 
36 2  32 22 10 9 
30 34 12 3  17 15 
0  0  0  0  0  28 
27 8  5  31 0  0



20 6 32 21 7 25 
1 34 28 0 0 0 
26 0 0 0 14 0 
36 0 0 0 0 29 
24 0 15 8 0 31 
0 27 3 35 33 0 

6 18 25 13 0 14
11 0 33 19 0 21
0 2 32 22 10 0
0 0 0 3 0 0
1 0 0 0 26 28
0 8 5 31 0 24


30 6 0 0 18 0
32 4 5 26 16 28
1 24 35 0 17 0
3 0 0 0 34 0
23 15 0 0 19 0
22 29 0 0 7 0

0 0 0 0 0 0
0 0 0 0 0 0
0 0 0 22 10 9
30 34 12 3 17 15 
1 29 4 23 26 28 
27 8 5 31 16 24

6 18 25 13 35 14
11 20 33 19 7 21
36 2 32 22 10 9
30 34 12 3 17 15 
1 29 4 23 26 28 
27 8 5 31 16 24


6 0 0 13 0 0
11 20 0 19 0 0
36 2 32 22 10 9
30 0 0 3 17 0
1 0 0 23 0 0
27 8 5 0 16 24


20 0  0  0  0  25
0  0  28 13 30 0 
26 19 22 0  14 12 
36 0  11 16 17 0 
24 0  15 0  0  31 
4  27 0  35 0  9
